local library = loadstring(game:HttpGet("https://raw.githubusercontent.com/Nakaeza66/mmm/main/Protected.lua%20(2).txt"))()

local win = library:Window("SD HUB | BF",Enum.KeyCode.RightControl)

local AutoFarmTab = win:Tab("Main")
AutoFarmTab:Label("AutoFarm")

_G.Farm = false
AutoFarmTab:Toggle("Auto Farm",false,function(value)
     _G.Farm = value
    while _G.Farm do wait()
        pcall(function()
            LV()
            for i,v in pairs(game.Workspace.Enemies:GetChildren()) do
                for i2,v2 in pairs(game.Workspace.Enemies:GetChildren()) do
                    if v.Name == Mon and v2.Name == Mon then
                        v.HumanoidRootPart.CFrame = v2.HumanoidRootPart.CFrame
                        v.HumanoidRootPart.CanCollide = false
                        v.Humanoid.WalkSpeed = 0
                        v.HumanoidRootPart.Size = Vector3.new(60,60,60)
                        v2.Humanoid.WalkSpeed = 0
                        v2.HumanoidRootPart.CanCollide = false
                        v2.HumanoidRootPart.Size = Vector3.new(60,60,60)
                        sethiddenproperty(game.Players.LocalPlayer, "SimulationRadius", math.huge)
                    end
                end
            end
        end)
    end
end)

local placeId = game.PlaceId
Magnet = true
if placeId == 2753915549 then
    OldWorld = true
elseif placeId == 4442272183 then
    NewWorld = true
elseif placeId == 7449423635 then
    ThreeWorld = true
end

function toposQ(Para1)
    Distance = (Para1.Position - game.Players.LocalPlayer.Character.HumanoidRootPart.Position).Magnitude
    if Distance < 10 then
        Speed = 570
    elseif Distance < 150 then
        Speed = 500
    elseif Distance < 250 then
        Speed = 400
    elseif Distance < 500 then
        Speed = 300
    elseif Distance < 1000 then
        Speed = 200
    elseif Distance >= 1000 then
        Speed = 500
    end
    game:GetService("TweenService"):Create(
        game.Players.LocalPlayer.Character.HumanoidRootPart,
        TweenInfo.new(Distance/Speed, Enum.EasingStyle.Linear),
        {CFrame = Para1}
    ):Play()
end

function LV()
    local lv = game:GetService("Players").LocalPlayer.Data.Level.Value
    
    if OldWorld then
        if lv == 1 or lv <= 9 then
            CFQ = CFrame.new(1058.466796875, 16.362747192383, 1548.1558837891)    
            NameQ = "BanditQuest1"
            LevelQ = 1
            Mon = "Bandit [Lv. 5]"
        elseif lv == 10 or lv <= 14 then
            CFQ = CFrame.new(-1604.12012, 36.8521118, 154.23732, 0.0648873374, -4.70858913e-06, -0.997892559, 1.41431883e-07, 1, -4.70933674e-06, 0.997892559, 1.64442184e-07, 0.0648873374)    
            NameQ = "JungleQuest"
            LevelQ = 1
            Mon = "Monkey [Lv. 14]"
        elseif lv == 15 or lv <= 29 then
            CFQ = CFrame.new(-1604.12012, 36.8521118, 154.23732, 0.0648873374, -4.70858913e-06, -0.997892559, 1.41431883e-07, 1, -4.70933674e-06, 0.997892559, 1.64442184e-07, 0.0648873374)    
            NameQ = "JungleQuest"
            LevelQ = 2
            Mon = "Gorilla [Lv. 20]"
        elseif lv == 30 or lv <= 39 then
            CFQ = CFrame.new(-1140.515869140625, 4.777853488922119, 3830.275146484375)    
            NameQ = "BuggyQuest1"
            LevelQ = 1
            Mon = "Pirate [Lv. 35]"
        elseif lv == 40 or lv <= 59 then
            CFQ = CFrame.new(-1140.515869140625, 4.777853488922119, 3830.275146484375)
            NameQ = "BuggyQuest1"
            LevelQ = 2
            Mon = "Brute [Lv. 45]"
        elseif lv == 60 or lv <= 74 then
            CFQ = CFrame.new(894.5579223632812, 6.464265823364258, 4390.8271484375)
            NameQ = "DesertQuest"
            LevelQ = 1
            Mon = "Desert Bandit [Lv. 60]"
        elseif lv == 75 or lv <= 89 then
            CFQ = CFrame.new(894.5579223632812, 6.464265823364258, 4390.8271484375)
            NameQ = "DesertQuest"
            LevelQ = 2
            Mon = "Desert Officer [Lv. 70]"
        elseif lv == 90 or lv <= 99 then
            CFQ = CFrame.new(1388.5831298828125, 87.29856872558594, -1297.880615234375)
            NameQ = "SnowQuest"
            LevelQ = 1
            Mon = "Snow Bandit [Lv. 90]"
        elseif lv == 100 or lv <= 119 then
            CFQ = CFrame.new(1388.5831298828125, 87.29856872558594, -1297.880615234375)
            NameQ = "SnowQuest"
            LevelQ = 2
            Mon = "Snowman [Lv. 100]"
        elseif lv == 120 or lv <= 149 then
            CFQ = CFrame.new(-5037.86328125, 28.67783546447754, 4325.15625)
            NameQ = "MarineQuest2"
            LevelQ = 1
            Mon = "Chief Petty Officer [Lv. 120]"
        elseif lv == 150 or lv <= 174 then
            CFQ = CFrame.new(-4840.25634765625, 717.6951293945312, -2620.5537109375)
            NameQ = "SkyQuest"
            LevelQ = 1
            Mon = "Sky Bandit [Lv. 150]"
        elseif lv == 175 or lv <= 249 then
            CFQ = CFrame.new(-4840.25634765625, 717.6951293945312, -2620.5537109375)
            NameQ = "SkyQuest"
            LevelQ = 2
            Mon = "Dark Master [Lv. 175]"
        elseif lv == 250 or lv <= 274 then
            CFQ = CFrame.new(-1577.24853515625, 7.415140628814697, -2985.498046875)
            NameQ = "ColosseumQuest"
            LevelQ = 1
            Mon = "Toga Warrior [Lv. 250]"
        elseif lv == 275 or lv <= 299 then
            CFQ = CFrame.new(-1577.24853515625, 7.415140628814697, -2985.498046875)
            NameQ = "ColosseumQuest"
            LevelQ = 2
            Mon = "Gladiator [Lv. 275]"
        elseif lv == 300 or lv <= 329 then
           CFQ = CFrame.new(-5314.46728515625, 12.745513916015625, 8515.9384765625)
           NameQ = "MagmaQuest"
           LevelQ = 1
           Mon = "Military Soldier [Lv. 300]"
        elseif lv == 330 or lv <= 374 then
           CFQ = CFrame.new(-5314.46728515625, 12.745513916015625, 8515.9384765625)
           NameQ = "MagmaQuest"
           LevelQ = 2
           Mon = "Military Spy [Lv. 330]"
        elseif lv == 375 or lv <= 399 then
           CFQ = CFrame.new(61121.96875, 18.4974365234375, 1565.8970947265625)
           NameQ = "FishmanQuest"
           LevelQ = 1
           Mon = "Fishman Warrior [Lv. 375]"
        elseif lv == 400 or lv <= 449 then
           CFQ = CFrame.new(61121.96875, 18.4974365234375, 1565.8970947265625)
           NameQ = "FishmanQuest"
           LevelQ = 2
           Mon = "Fishman Commando [Lv. 400]"
        elseif lv == 450 or lv <= 474 then
           CFQ = CFrame.new(-4721.51318359375, 845.3027954101562, -1951.3292236328125)
           NameQ = "SkyExp1Quest"
           LevelQ = 1
           Mon = "God's Guard [Lv. 450]"
        elseif lv == 475 or lv <= 524 then
           CFQ = CFrame.new(-7860.27685546875, 5545.517578125, -380.9004211425781)
           NameQ = "SkyExp1Quest"
           LevelQ = 1
           Mon = "Shanda [Lv. 475]"
        elseif lv == 525 or lv <= 549 then
           CFQ = CFrame.new(-7905.2568359375, 5635.98828125, -1411.6693115234375)
           NameQ = "SkyExp2Quest"
           LevelQ = 1
           Mon = "Royal Squad [Lv. 525]"
        elseif lv == 550 or lv <= 624 then
           CFQ = CFrame.new(-7905.2568359375, 5635.98828125, -1411.6693115234375)
           NameQ = "SkyExp2Quest"
           LevelQ = 2
           Mon = "Royal Soldier [Lv. 550]"
        elseif lv == 625 or lv <= 649 then
           CFQ = CFrame.new(5257.97509765625, 38.52693176269531, 4049.527587890625)
           NameQ = "FountainQuest"
           LevelQ = 1
           Mon = "Galley Pirate [Lv. 625]"
        elseif lv == 650 or lv <= 699 then
           CFQ = CFrame.new(5257.97509765625, 38.52693176269531, 4049.527587890625)
           NameQ = "FountainQuest"
           LevelQ = 2
           Mon = "Galley Captain [Lv. 650]"
       end
    end
    if NewWorld then
        if lv == 700 or lv <= 724 then
           CFQ = CFrame.new(-426.756439, 72.9963226, 1837.29504, 0.222316682, -4.21167279e-08, 0.974974513, -3.76689187e-08, 1, 5.17871541e-08, -0.974974513, -4.82393823e-08, 0.222316682)
           NameQ = "Area1Quest"
           LevelQ = 1
           Mon = "Raider [Lv. 700]"
        elseif lv == 725 or lv <= 774 then
           CFQ = CFrame.new(-426.756439, 72.9963226, 1837.29504, 0.222316682, -4.21167279e-08, 0.974974513, -3.76689187e-08, 1, 5.17871541e-08, -0.974974513, -4.82393823e-08, 0.222316682)
           NameQ = "Area1Quest"
           LevelQ = 2
           Mon = "Mercenary [Lv. 725]"
       elseif lv == 775 or lv <= 799 then
           CFQ = CFrame.new(628.039917, 73.0963287, 913.847717, -0.485772759, -1.06982355e-07, -0.874085128, -1.829072e-08, 1, -1.12228456e-07, 0.874085128, -3.85298797e-08, -0.485772759)
           NameQ = "Area2Quest"
           LevelQ = 1
           Mon = "Swan Pirate [Lv. 775]"
       elseif lv == 800 or lv <= 874 then
           CFQ = CFrame.new(628.039917, 73.0963287, 913.847717, -0.485772759, -1.06982355e-07, -0.874085128, -1.829072e-08, 1, -1.12228456e-07, 0.874085128, -3.85298797e-08, -0.485772759)
           NameQ = "Area2Quest"
           LevelQ = 2
           Mon = "Factory Staff [Lv. 800]"
       elseif lv == 875 or lv <= 899 then
           CFQ = CFrame.new(-2443.20996, 73.1014404, -3221.34448, -0.894595265, 2.26935537e-08, -0.44687736, 2.52153276e-09, 1, 4.57347014e-08, 0.44687736, 3.97872313e-08, -0.894595265)
           NameQ = "MarineQuest3"
           LevelQ = 1
           Mon = "Marine Lieutenant [Lv. 875]"
       elseif lv == 900 or lv <= 949 then
           CFQ = CFrame.new(-2443.20996, 73.1014404, -3221.34448, -0.894595265, 2.26935537e-08, -0.44687736, 2.52153276e-09, 1, 4.57347014e-08, 0.44687736, 3.97872313e-08, -0.894595265)
           NameQ = "MarineQuest3"
           LevelQ = 2
           Mon = "Marine Captain [Lv. 900]"
       elseif lv == 950 or lv <= 974 then
           CFQ = CFrame.new(-5493.56641, 48.5059204, -794.753845, 0.277696878, -5.52803314e-08, 0.960668743, -6.62600641e-08, 1, 7.66971411e-08, -0.960668743, -8.49525321e-08, 0.277696878)
           NameQ = "ZombieQuest"
           LevelQ = 1
           Mon = "Zombie [Lv. 950]"
       elseif lv == 975 or lv <= 999 then
           CFQ = CFrame.new(-5493.56641, 48.5059204, -794.753845, 0.277696878, -5.52803314e-08, 0.960668743, -6.62600641e-08, 1, 7.66971411e-08, -0.960668743, -8.49525321e-08, 0.277696878)
           NameQ = "ZombieQuest"
           LevelQ = 2
           Mon = "Vampire [Lv. 975]"
       elseif lv == 1000 or lv <= 1049 then
           CFQ = CFrame.new(606.689331, 401.447784, -5371.35107, 0.290226936, -1.07528557e-07, -0.956957817, -3.02943484e-08, 1, -1.21552688e-07, 0.956957817, 6.42682778e-08, 0.290226936)
           NameQ = "SnowMountainQuest"
           LevelQ = 1
           Mon = "Snow Trooper [Lv. 1000]"
       elseif lv == 1050 or lv <= 1099 then
           CFQ = CFrame.new(606.689331, 401.447784, -5371.35107, 0.290226936, -1.07528557e-07, -0.956957817, -3.02943484e-08, 1, -1.21552688e-07, 0.956957817, 6.42682778e-08, 0.290226936)
           NameQ = "SnowMountainQuest"
           LevelQ = 2
           Mon = "Winter Warrior [Lv. 1050]"
       elseif lv == 1100 or lv <= 1124 then
           CFQ = CFrame.new(-6061.26172, 15.9775658, -4904.38916, -0.469398916, 6.21421847e-09, 0.882986188, -1.27243185e-08, 1, -1.38020271e-08, -0.882986188, -1.77140542e-08, -0.469398916)
           NameQ = "IceSideQuest"
           LevelQ = 1
           Mon = "Lab Subordinate [Lv. 1100]"
       elseif lv == 1125 or lv <= 1174 then
           CFQ = CFrame.new(-6061.26172, 15.9775658, -4904.38916, -0.469398916, 6.21421847e-09, 0.882986188, -1.27243185e-08, 1, -1.38020271e-08, -0.882986188, -1.77140542e-08, -0.469398916)
           NameQ = "IceSideQuest"
           LevelQ = 2
           Mon = "Horned Warrior [Lv. 1125]"
       elseif lv == 1175 or lv <= 1199 then
           CFQ = CFrame.new(-5429.56055, 15.97756, -5296.07617, 0.923658192, -1.89389731e-08, -0.383217335, -1.94223286e-08, 1, -9.62340749e-08, 0.383217335, 9.63303677e-08, 0.923658192)
           NameQ = "FireSideQuest"
           LevelQ = 1
           Mon = "Magma Ninja [Lv. 1175]"
       elseif lv == 1200 or lv <= 1249 then
           CFQ = CFrame.new(-5429.56055, 15.97756, -5296.07617, 0.923658192, -1.89389731e-08, -0.383217335, -1.94223286e-08, 1, -9.62340749e-08, 0.383217335, 9.63303677e-08, 0.923658192)
           NameQ = "FireSideQuest"
           LevelQ = 2
           Mon = "Lava Pirate [Lv. 1200]"
       elseif lv == 1250 or lv <= 1274 then
           CFQ = CFrame.new(1038.93042, 125.082909, 32911.6797, 0.655313551, -6.65169892e-08, -0.755356967, -1.00836024e-08, 1, -9.68084137e-08, 0.755356967, 7.10565899e-08, 0.655313551)
           NameQ = "ShipQuest1"
           LevelQ = 1
           Mon = "Ship Deckhand [Lv. 1250]"
       elseif lv == 1275 or lv <= 1299 then
           CFQ = CFrame.new(1038.93042, 125.082909, 32911.6797, 0.655313551, -6.65169892e-08, -0.755356967, -1.00836024e-08, 1, -9.68084137e-08, 0.755356967, 7.10565899e-08, 0.655313551)
           NameQ = "ShipQuest1"
           LevelQ = 2
           Mon = "Ship Engineer [Lv. 1275]"
       elseif lv == 1300 or lv <= 1324 then
           CFQ = CFrame.new(970.385498, 125.082909, 33246.5195, -0.835324168, -1.53462203e-08, -0.549757659, -2.95195779e-08, 1, 1.69387295e-08, 0.549757659, 3.03779437e-08, -0.835324168)
           NameQ = "ShipQuest2"
           LevelQ = 1
           Mon = "Ship Steward [Lv. 1300]"
       elseif lv == 1325 or lv <= 1349 then
           CFQ = CFrame.new(970.385498, 125.082909, 33246.5195, -0.835324168, -1.53462203e-08, -0.549757659, -2.95195779e-08, 1, 1.69387295e-08, 0.549757659, 3.03779437e-08, -0.835324168)
           NameQ = "ShipQuest2"
           LevelQ = 2
           Mon = "Ship Officer [Lv. 1325]"
       elseif lv == 1350 or lv <= 1374 then
           CFQ = CFrame.new(5669.65381, 28.2025089, -6483.51611, 0.945469618, 8.53261426e-08, 0.325710267, -5.99269896e-08, 1, -8.80137989e-08, -0.325710267, 6.36955377e-08, 0.945469618)
           NameQ = "FrostQuest"
           LevelQ = 1
           Mon = "Arctic Warrior [Lv. 1350]"
       elseif lv == 1375 or lv <= 1424 then
           CFQ = CFrame.new(5669.65381, 28.2025089, -6483.51611, 0.945469618, 8.53261426e-08, 0.325710267, -5.99269896e-08, 1, -8.80137989e-08, -0.325710267, 6.36955377e-08, 0.945469618)
           NameQ = "FrostQuest"
           LevelQ = 2
           Mon = "Snow Lurker [Lv. 1375]"
       elseif lv == 1425 or lv <= 1449 then
           CFQ = CFrame.new(-3054.4834, 236.872086, -10145.9424, -0.99188596, -7.8343561e-08, 0.127130806, -7.65970967e-08, 1, 1.86263094e-08, -0.127130806, 8.73732375e-09, -0.99188596)
           NameQ = "ForgottenQuest"
           LevelQ = 1
           Mon = "Sea Soldier [Lv. 1425]"
       elseif lv == 1450 or lv <= 1499 then
           CFQ = CFrame.new(-3054.4834, 236.872086, -10145.9424, -0.99188596, -7.8343561e-08, 0.127130806, -7.65970967e-08, 1, 1.86263094e-08, -0.127130806, 8.73732375e-09, -0.99188596)
           NameQ = "ForgottenQuest"
           LevelQ = 2
           Mon = "Water Fighter [Lv. 1450]"
       end
    end
    if ThreeWorld then
       if lv == 1500 or lv <= 1524 then
           CFQ = CFrame.new(-288.72650146484375, 43.81901168823242, 5576.32763671875)
           NameQ = "PiratePortQuest"
           LevelQ = 1
           Mon = "Pirate Millionaire [Lv. 1500]"
       elseif lv == 1525 or lv <= 1574 then
           CFQ = CFrame.new(-288.72650146484375, 43.81901168823242, 5576.32763671875)
           NameQ = "PiratePortQuest"
           LevelQ = 2
           Mon = "Pirate Millionaire [Lv. 1500]"
       elseif lv == 1575 or lv <= 1599 then
           CFQ = CFrame.new(5833.97705078125, 51.37715530395508, -1104.1893310546875)
           NameQ = "AmazonQuest"
           LevelQ = 1
           Mon = "Dragon Crew Warrior [Lv. 1575]"
       elseif lv == 1600 or lv <= 1624 then
           CFQ = CFrame.new(5833.97705078125, 51.37715530395508, -1104.1893310546875)
           NameQ = "AmazonQuest"
           LevelQ = 2
           Mon = "Dragon Crew Archer [Lv. 1600]"
       elseif lv == 1625 or lv <= 1649 then
           CFQ = CFrame.new(5444.857421875, 601.6294555664062, 751.4854125976562)
           NameQ = "AmazonQuest2"
           LevelQ = 1
           Mon = "Female Islander [Lv. 1625]"
       elseif lv == 1650 or lv <= 1699 then
           CFQ = CFrame.new(5444.857421875, 601.6294555664062, 751.4854125976562)
           NameQ = "AmazonQuest2"
           LevelQ = 2
           Mon = "Giant Islander [Lv. 1650]"
       elseif lv == 1700 or lv <= 1724 then
           CFQ = CFrame.new(2179.7646484375, 28.731239318847656, -6738.2197265625)
           NameQ = "MarineTreeIsland"
           LevelQ = 1
           Mon = "Marine Commodore [Lv. 1700]"
       elseif lv == 1725 or lv <= 1774 then
           CFQ = CFrame.new(2179.7646484375, 28.731239318847656, -6738.2197265625)
           NameQ = "MarineTreeIsland"
           LevelQ = 2
           Mon = "Marine Rear Admiral [Lv. 1725]"
       elseif lv == 1775 or lv <= 1799 then
           CFQ = CFrame.new(-10583.38671875, 331.7884216308594, -8757.5849609375)
           NameQ = "DeepForestIsland3"
           LevelQ = 1
           Mon = "Fishman Raider [Lv. 1775]"
       elseif lv == 1800 or lv <= 1824 then
           CFQ = CFrame.new(-12683.5107421875, 390.886474609375, -9901.5673828125)
           NameQ = "DeepForestIsland3"
           LevelQ = 2
           Mon = "Fishman Captain [Lv. 1800]"
       elseif lv == 1825 or lv <= 1849 then
           CFQ = CFrame.new(-13232.5439453125, 332.4039306640625, -7626.5068359375)
           NameQ = "DeepForestIsland3"
           LevelQ = 1
           Mon = "Forest Pirate [Lv. 1825]"
       elseif lv == 1850 or lv <= 1899 then
           CFQ = CFrame.new(-13232.5439453125, 332.4039306640625, -7626.5068359375)
           NameQ = "DeepForestIsland3"
           LevelQ = 2
           Mon = "Mythological Pirate [Lv. 1850]"
       elseif lv == 1900 or lv <= 1924 then
           CFQ = CFrame.new(-12683.5107421875, 390.886474609375, -9901.5673828125)
           NameQ = "DeepForestIsland2"
           LevelQ = 1
           Mon = "Jungle Pirate [Lv. 1900]"
       elseif lv == 1925 or lv <= 1974 then
           CFQ = CFrame.new(-12683.5107421875, 390.886474609375, -9901.5673828125)
           NameQ = "DeepForestIsland2"
           LevelQ = 2
           Mon = "Musketeer Pirate [Lv. 1925]"
       elseif lv == 1975 or lv <= 1999 then
           CFQ = CFrame.new(-9484.2763671875, 142.130615234375, 5567.0986328125)
           NameQ = "HauntedQuest1"
           LevelQ = 1
           Mon = "Reborn Skeleton [Lv. 1975]"
       elseif lv == 2000 or lv <= 2024 then
           CFQ = CFrame.new(-9484.2763671875, 142.130615234375, 5567.0986328125)
           NameQ = "HauntedQuest1"
           LevelQ = 2
           Mon = "Living Zombie [Lv. 2000]"
       elseif lv == 2025 or lv <= 2049 then
           CFQ = CFrame.new(-9512.6748046875, 172.130615234375, 6078.74951171875)
           NameQ = "HauntedQuest2"
           LevelQ = 1
           Mon = "Demonic Soul [Lv. 2025]"
       elseif lv == 2050 or lv <= 2074 then
           CFQ = CFrame.new(-9512.6748046875, 172.130615234375, 6078.74951171875)
           NameQ = "HauntedQuest2"
           LevelQ = 2
           Mon = "Posessed Mummy [Lv. 2050]"
       elseif lv == 2075 or lv <= 2099 then
           CFQ = CFrame.new(-2102.850341796875, 38.12920379638672, -10191.72265625)
           NameQ = "NutsIslandQuest"
           LevelQ = 1
           Mon = "Peanut Scout [Lv. 2075]"
       elseif lv == 2100 or lv <= 2124 then
           CFQ = CFrame.new(-2102.850341796875, 38.12920379638672, -10191.72265625)
           NameQ = "NutsIslandQuest"
           LevelQ = 2
           Mon = "Peanut President [Lv. 2100]"
       elseif lv == 2125 or lv <= 2149 then
           CFQ = CFrame.new(-821.1841430664062, 65.84532165527344, -10964.380859375)
           NameQ = "IceCreamIslandQuest"
           LevelQ = 1
           Mon = "Ice Cream Chef [Lv. 2125]"
       elseif lv == 2150 or lv <= 2199 then
           CFQ = CFrame.new(-821.1841430664062, 65.84532165527344, -10964.380859375)
           NameQ = "IceCreamIslandQuest"
           LevelQ = 2
           Mon = "Ice Cream Commander [Lv. 2150]"
       elseif lv == 2200 or lv <= 2224 then
           CFQ = CFrame.new(-2021.845947265625, 43.73057174682617, -12032.326171875)
           NameQ = "CakeQuest1"
           LevelQ = 1
           Mon = "Cookie Crafter [Lv. 2200]"
       elseif lv == 2225 or lv <= 2249 then
           CFQ = CFrame.new(-2021.845947265625, 43.73057174682617, -12032.326171875)
           NameQ = "CakeQuest1"
           LevelQ = 2
           Mon = "Cake Guard [Lv. 2225]"
       elseif lv == 2250 or lv <= 2274 then
           CFQ = CFrame.new(-1925.833740234375, 37.82392120361328, -12839.3388671875)
           NameQ = "CakeQuest2"
           LevelQ = 1
           Mon = "Baking Staff [Lv. 2250]"
       elseif lv == 2275 or lv <= 2300 then
           CFQ = CFrame.new(-1925.833740234375, 37.82392120361328, -12839.3388671875)
           NameQ = "CakeQuest2"
           LevelQ = 2
           Mon = "Head Baker [Lv. 2275]"
        end
    end
end

spawn(function()
    while wait() do
        pcall(function()
            if _G.Farm then
                if game:GetService("Players").LocalPlayer.PlayerGui.Main.Quest.Visible == false then
                    LV()
                    toposQ(CFQ)
                     if (CFQ.Position - game.Players.LocalPlayer.Character.HumanoidRootPart.Position).Magnitude <= 5 then
                    wait(1.5)
                    game:GetService("ReplicatedStorage").Remotes.CommF_:InvokeServer("StartQuest",NameQ,LevelQ)
                end
                elseif game:GetService("Players").LocalPlayer.PlayerGui.Main.Quest.Visible == true then    
                    for i,v in pairs(game:GetService("Workspace").Enemies:GetChildren()) do
                        if v.Name == Mon and v.Humanoid.Health > 0 then
                        repeat wait()
                            game.Players.LocalPlayer.Character.Humanoid:ChangeState(11)
                            toposQ(v.HumanoidRootPart.CFrame*CFrame.new(0,25,0)) 
                            v.HumanoidRootPart.Size = Vector3.new(60,60,60)
                            v.HumanoidRootPart.CanCollide = false 
                            game:GetService("VirtualUser"):CaptureController()
            game:GetService("VirtualUser"):Button1Down(Vector2.new(1280, 670),workspace.CurrentCamera.CFrame)
                        until v.Humanoid.Health <= 0 or _G.Farm == false
                        end
                    end
                end
            end
        end)
    end
end)
 
spawn(function()
   game:GetService("RunService").RenderStepped:Connect(function()
    pcall(function()
        if _G.Farm then
            game:GetService'VirtualUser':CaptureController()
            game:GetService'VirtualUser':Button1Down(Vector2.new(1280, 672))
        end
    end)
end) 
end)

spawn(function()
    game:GetService("RunService").Heartbeat:Connect(function()
        if _G.Farm then
            if not game:GetService("Workspace"):FindFirstChild("LOL") then
                local LOL = Instance.new("Part")
                LOL.Name = "LOL"
                LOL.Parent = game.Workspace
                LOL.Anchored = true
                LOL.Transparency = 1
                LOL.Size = Vector3.new(50,0.5,50)
                LOL.Material = "Neon"
            elseif game:GetService("Workspace"):FindFirstChild("LOL") then
                game.Workspace["LOL"].CFrame = game.Players.LocalPlayer.Character.HumanoidRootPart.CFrame * CFrame.new(0,-2,0)
            end
        else
            if game:GetService("Workspace"):FindFirstChild("LOL") then
                game:GetService("Workspace"):FindFirstChild("LOL"):Destroy()
            end
        end
    end)
end)


spawn(function()
    while wait() do
        if game.Workspace:FindFirstChild("LOL") then
            game.Workspace:FindFirstChild("LOL").Color = Color3.new(255/255,0/255,0/255)
            for i = 0,255,10 do
                wait(.1)
                if game.Workspace:FindFirstChild("LOL") then
                    game.Workspace:FindFirstChild("LOL").Color = Color3.new(255/255,i/255,0/255)
                end
            end
            for i = 255,0,-10 do
                wait(.1)
                if game.Workspace:FindFirstChild("LOL") then
                    game.Workspace:FindFirstChild("LOL").Color = Color3.new(i/255,255/255,0/255)
                end
            end
            for i = 0,255,10 do
                wait(.1)
                if game.Workspace:FindFirstChild("LOL") then
                    game.Workspace:FindFirstChild("LOL").Color = Color3.new(0/255,255/255,i/255)
                end
            end
            for i = 255,0,-10 do
                wait(.1)
                if game.Workspace:FindFirstChild("LOL") then
                    game.Workspace:FindFirstChild("LOL").Color = Color3.new(0/255,i/255,255/255)
                end
            end
            for i = 0,255,10 do
                wait(.1)
                if game.Workspace:FindFirstChild("LOL") then
                    game.Workspace:FindFirstChild("LOL").Color = Color3.new(i/255,0/255,255/255)
                end
            end
            for i = 255,0,-10 do
                wait(.1)
                if game.Workspace:FindFirstChild("LOL") then
                    game.Workspace:FindFirstChild("LOL").Color = Color3.new(255/255,0/255,i/255)
                end
            end
        end
    end
end)

spawn(function()
while wait() do
if _G.Farm then
pcall(function()
game.Players.LocalPlayer.Character.Humanoid:EquipTool(game:GetService("Players").LocalPlayer.Backpack:FindFirstChild(Weapon))
end)
end
end
end)


Fast = false
Fast2 = false
AutoFarmTab:Toggle("Fast Attack",_G.Farm,function(value)
         Fast = value
         Fast2 = value
end)

local CombatFrameworkROld = require(game:GetService("Players").LocalPlayer.PlayerScripts.CombatFramework) 
local CombatFrameworkR = getupvalues(CombatFrameworkROld)[2]
local CameraShakerR = require(game.ReplicatedStorage.Util.CameraShaker)
    CameraShakerR:Stop()
    spawn(function()
        game:GetService("RunService").Stepped:Connect(function()
            pcall(function()
                CombatFrameworkR.activeController.hitboxMagnitude = 9999
                if Fast then
                    if Fast2 then
                        if game.Players.LocalPlayer.Character:FindFirstChild("Black Leg") then
                            CombatFrameworkR.activeController.timeToNextAttack = 3
                        elseif game.Players.LocalPlayer.Character:FindFirstChild("Electro") then
                            CombatFrameworkR.activeController.timeToNextAttack = 2
                        else
                            CombatFrameworkR.activeController.timeToNextAttack = 0
                        end
                        CombatFrameworkR.activeController.attacking = false
                        CombatFrameworkR.activeController.increment = 3
                        CombatFrameworkR.activeController.blocking = false
                        CombatFrameworkR.activeController.timeToNextBlock = 0
                        game.Players.LocalPlayer.Character.Humanoid.Sit = false    
                    end
                end
            end)
        end)
    end)
    
    spawn(function()
        game:GetService("RunService").Stepped:Connect(function()
            pcall(function()
                if Fast then
                    if Fast2 then
                        Click()
                    end
                end
            end)
        end)
    end)
    
if _G.Farm then
    while _G.Farm do wait()
if not game.Players.LocalPlayer.Character:FindFirstChild("HasBuso") then
									local args = {
										[1] = "Buso"
									}
									game:GetService("ReplicatedStorage").Remotes.CommF_:InvokeServer(unpack(args))
								end
								game.Players.LocalPlayer.Character.HumanoidRootPart.CFrame = v.HumanoidRootPart.CFrame * CFrame.new(0, 0, 30)
								Click()
    end
end
					
					
							
AutoFarmTab:Toggle("NoClip",_G.NoClip,function(v)
_G.NoClip = v
  if _G.NoClip  == true then
  _G.conn = game:GetService("RunService").Stepped:Connect(function()
     for _, v in pairs(game.Players.LocalPlayer.Character:GetDescendants()) do
        if v:IsA("BasePart") then
           v.CanCollide = false    
        end
     end
   end)
  else
   _G.conn:Disconnect()
  end
end)








AutoFarmTab:Toggle("Auto Holy Torch",_G.AutoHolyTorch,function(v)
		if NewWorld or OldWorld then
			VLib:Notification("Use In Thire World")    
		else
			HolyTorch = v
		end 
	end)
	spawn(function()
		while wait() do
			if HolyTorch then
				if game.ReplicatedStorage:FindFirstChild("rip_indra True Form [Lv. 5000] [Raid Boss]") or game.Workspace.Enemies:FindFirstChild("rip_indra True Form [Lv. 5000] [Raid Boss]") and game:GetService("Workspace").Map.Turtle.TushitaGate.TushitaGate.Transparency == 1 then
					if game.Players.LocalPlayer.Backpack:FindFirstChild("Holy Torch") then
						EquipWeapon("Holy Torch")
					elseif game.Players.LocalPlayer.Character:FindFirstChild("Holy Torch") then
						if game:GetService("Workspace").Map.Turtle.QuestTorches.Torch1.Particles.Main.Enabled ~= true then
							if (game:GetService("Workspace").Map.Turtle.QuestTorches.Torch1.Position - game.Players.LocalPlayer.Character.HumanoidRootPart.Position).magnitude > 300 then
								HolyTorchtween = toTarget(game:GetService("Workspace").Map.Turtle.QuestTorches.Torch1.Position,game:GetService("Workspace").Map.Turtle.QuestTorches.Torch1.CFrame)
							elseif (game:GetService("Workspace").Map.Turtle.QuestTorches.Torch1.Position - game.Players.LocalPlayer.Character.HumanoidRootPart.Position).magnitude <= 300 then
								if HolyTorchtween then
									HolyTorchtween:Stop()
								end
								game:GetService("Players").LocalPlayer.Character.HumanoidRootPart.CFrame = game.Workspace.Map.Turtle.QuestTorches.Torch1.CFrame
							end
						elseif game:GetService("Workspace").Map.Turtle.QuestTorches.Torch2.Particles.Main.Enabled ~= true then
							if (game:GetService("Workspace").Map.Turtle.QuestTorches.Torch2.Position - game.Players.LocalPlayer.Character.HumanoidRootPart.Position).magnitude > 300 then
								HolyTorchtween = toTarget(game:GetService("Workspace").Map.Turtle.QuestTorches.Torch2.Position,game:GetService("Workspace").Map.Turtle.QuestTorches.Torch2.CFrame)
							elseif (game:GetService("Workspace").Map.Turtle.QuestTorches.Torch2.Position - game.Players.LocalPlayer.Character.HumanoidRootPart.Position).magnitude <= 300 then
								if HolyTorchtween then
									HolyTorchtween:Stop()
								end
								game:GetService("Players").LocalPlayer.Character.HumanoidRootPart.CFrame = game.Workspace.Map.Turtle.QuestTorches.Torch2.CFrame
							end
						elseif game:GetService("Workspace").Map.Turtle.QuestTorches.Torch3.Particles.Main.Enabled ~= true then
							if (game:GetService("Workspace").Map.Turtle.QuestTorches.Torch3.Position - game.Players.LocalPlayer.Character.HumanoidRootPart.Position).magnitude > 300 then
								HolyTorchtween = toTarget(game:GetService("Workspace").Map.Turtle.QuestTorches.Torch3.Position,game:GetService("Workspace").Map.Turtle.QuestTorches.Torch3.CFrame)
							elseif (game:GetService("Workspace").Map.Turtle.QuestTorches.Torch3.Position - game.Players.LocalPlayer.Character.HumanoidRootPart.Position).magnitude <= 300 then
								if HolyTorchtween then
									HolyTorchtween:Stop()
								end
								game:GetService("Players").LocalPlayer.Character.HumanoidRootPart.CFrame = game.Workspace.Map.Turtle.QuestTorches.Torch3.CFrame
							end
						elseif game:GetService("Workspace").Map.Turtle.QuestTorches.Torch4.Particles.Main.Enabled ~= true then
							if (game:GetService("Workspace").Map.Turtle.QuestTorches.Torch4.Position - game.Players.LocalPlayer.Character.HumanoidRootPart.Position).magnitude > 300 then
								HolyTorchtween = toTarget(game:GetService("Workspace").Map.Turtle.QuestTorches.Torch4.Position,game:GetService("Workspace").Map.Turtle.QuestTorches.Torch4.CFrame)
							elseif (game:GetService("Workspace").Map.Turtle.QuestTorches.Torch4.Position - game.Players.LocalPlayer.Character.HumanoidRootPart.Position).magnitude <= 300 then
								if HolyTorchtween then
									HolyTorchtween:Stop()
								end
								game:GetService("Players").LocalPlayer.Character.HumanoidRootPart.CFrame = game.Workspace.Map.Turtle.QuestTorches.Torch4.CFrame
							end
						elseif game:GetService("Workspace").Map.Turtle.QuestTorches.Torch5.Particles.Main.Enabled ~= true then
							if (game:GetService("Workspace").Map.Turtle.QuestTorches.Torch5.Position - game.Players.LocalPlayer.Character.HumanoidRootPart.Position).magnitude > 300 then
								HolyTorchtween = toTarget(game:GetService("Workspace").Map.Turtle.QuestTorches.Torch5.Position,game:GetService("Workspace").Map.Turtle.QuestTorches.Torch5.CFrame)
							elseif (game:GetService("Workspace").Map.Turtle.QuestTorches.Torch5.Position - game.Players.LocalPlayer.Character.HumanoidRootPart.Position).magnitude <= 300 then
								if HolyTorchtween then
									HolyTorchtween:Stop()
								end
								game:GetService("Players").LocalPlayer.Character.HumanoidRootPart.CFrame = game.Workspace.Map.Turtle.QuestTorches.Torch5.CFrame
							end
						end
					else
						game:GetService("Players").LocalPlayer.Character.HumanoidRootPart.CFrame = game:GetService("Workspace").Map.Waterfall.SecretRoom.Room.Door.Door.Hitbox.CFrame
					end
				end
			end
		end
	end)







AutoFarmTab:Label("Weapon")



local Weaponlist = {}
local Weapon = nil

for i,v in pairs(game:GetService("Players").LocalPlayer.Backpack:GetChildren()) do
    table.insert(Weaponlist,v.Name)
end

local Weapona = AutoFarmTab:Dropdown("Select Weapon", Weaponlist, function(currentOption)
    Weapon = currentOption
end)

AutoFarmTab:Toggle("Auto Equip Weapon",false,function(a)
AutoEquiped = a
end)

spawn(function()
while wait() do
if AutoEquiped then
pcall(function()
game.Players.LocalPlayer.Character.Humanoid:EquipTool(game:GetService("Players").LocalPlayer.Backpack:FindFirstChild(Weapon))
end)
end
end
end)

AutoFarmTab:Button("Reset Weapon",function()
       AutoEquiped:Clear()
       Wapon = {}
       for i,v in pairs(game.Players.LocalPlayer.Backpack:GetChildren()) do  
           if v:IsA("Tool") then
               Weapona:Add(v.Name)
           end
       end
       for i,v in pairs(game.Players.LocalPlayer.Character:GetChildren()) do  
           if v:IsA("Tool") then
               Weapona:Add(v.Name)
           end
       end
end)
   

   

local CGGTab = win:Tab("Stats")
    CGGTab:Label("Stats UP")


CGGTab:Toggle("Melee",false,function(x)
    _G.Loop = x
    while _G.Loop do wait()
if _G.Loop then
local args = {
    [1] = "AddPoint",
    [2] = "Melee",
    [3] = 1
}

game:GetService("ReplicatedStorage").Remotes.CommF_:InvokeServer(unpack(args))

end
end
end)


CGGTab:Toggle("Defense",false,function(x)
    _G.Loop = x
    while _G.Loop do wait()
if _G.Loop then
local args = {
    [1] = "AddPoint",
    [2] = "Defense",
    [3] = 1
}

game:GetService("ReplicatedStorage").Remotes.CommF_:InvokeServer(unpack(args))
end
end
end)


CGGTab:Toggle("Sword",false,function(x)
    _G.Loop = x
    while _G.Loop do wait()
if _G.Loop then
local args = {
    [1] = "AddPoint",
    [2] = "Sword",
    [3] = 1
}

game:GetService("ReplicatedStorage").Remotes.CommF_:InvokeServer(unpack(args))
end
end
end)

CGGTab:Toggle("Gun",false,function(x)
    _G.Loop = x
    while _G.Loop do wait()
if _G.Loop then
local args = {
    [1] = "AddPoint",
    [2] = "Gun",
    [3] = 1
}

game:GetService("ReplicatedStorage").Remotes.CommF_:InvokeServer(unpack(args))
end
end
end)

CGGTab:Toggle("Demon Fruit",false,function(x)
    _G.Loop = x
    while _G.Loop do wait()
if _G.Loop then
local args = {
    [1] = "AddPoint",
    [2] = "Demon Fruit",
    [3] = 1
}

game:GetService("ReplicatedStorage").Remotes.CommF_:InvokeServer(unpack(args))
end
end
end)












local AMTab = win:Tab("World")

AMTab:Label("OldWorld")



	AMTab:Toggle("Auto Pole V.1",_G.AutoPole,function(v)
		if OldWorld then
			if SelectToolWeapon == "" and v then
				Flux:Notification("Selected Weapon First","Okey")
			else
				AutoPole = v
			end
		else
			Flux:Notification("Use In Old World","Okey")    
		end 
	end)
	spawn(function()
		while wait() do
			if AutoPole and game.ReplicatedStorage:FindFirstChild("Thunder God [Lv. 575] [Boss]") or game.Workspace.Enemies:FindFirstChild("Thunder God [Lv. 575] [Boss]") then
				if game.Workspace.Enemies:FindFirstChild("Thunder God [Lv. 575] [Boss]") then
					for i,v in pairs(game.Workspace.Enemies:GetChildren()) do
						if AutoPole and v.Name == "Thunder God [Lv. 575] [Boss]" and v:FindFirstChild("HumanoidRootPart") and v:FindFirstChild("Humanoid") and v.Humanoid.Health > 0 then
							repeat wait()  
								if (v.HumanoidRootPart.Position - game.Players.LocalPlayer.Character.HumanoidRootPart.Position).magnitude > 300 then
									Farmtween = toTarget(v.HumanoidRootPart.Position,v.HumanoidRootPart.CFrame)
								elseif (v.HumanoidRootPart.Position - game.Players.LocalPlayer.Character.HumanoidRootPart.Position).magnitude <= 300 then
									if Farmtween then
										Farmtween:Stop()
									end
									EquipWeapon(SelectToolWeapon)
									Usefastattack = true
									if not game.Players.LocalPlayer.Character:FindFirstChild("HasBuso") then
										local args = {
											[1] = "Buso"
										}
										game:GetService("ReplicatedStorage").Remotes.CommF_:InvokeServer(unpack(args))
									end
									game.Players.LocalPlayer.Character.HumanoidRootPart.CFrame = v.HumanoidRootPart.CFrame * CFrame.new(0, 10, 10)
									Click()
								end 
							until not AutoPole or v.Humanoid.Health <= 0 or not v.Parent
							Usefastattack = false
						end
					end
				else
					Questtween = toTarget(CFrame.new(-7900.66406, 5606.90918, -2267.46436).Position,CFrame.new(-7900.66406, 5606.90918, -2267.46436))
					if (CFrame.new(-7900.66406, 5606.90918, -2267.46436).Position - game.Players.LocalPlayer.Character.HumanoidRootPart.Position).magnitude <= 300 then
						if Questtween then
							Questtween:Stop()
						end
						game.Players.LocalPlayer.Character.HumanoidRootPart.CFrame = CFrame.new(-7900.66406, 5606.90918, -2267.46436)
					end
				end
			end
		end
	end)
	AMTab:Toggle("Auto Pole V.1 HOP",_G.AutoPoleHop,function(v)
		if OldWorld then
			AutoPoleHOP = v
		else
			Flux:Notification("Use In Old World","Okey")    
		end 
	end)
	
	spawn(function()
		while wait() do
			if AutoPoleHOP then 
				if game.ReplicatedStorage:FindFirstChild("Thunder God [Lv. 575] [Boss]") or game.Workspace.Enemies:FindFirstChild("Thunder God [Lv. 575] [Boss]") then
					if game.Workspace.Enemies:FindFirstChild("Thunder God [Lv. 575] [Boss]") then
						for i,v in pairs(game.Workspace.Enemies:GetChildren()) do
